tree
version=v4
num_class=1
num_tree_per_iteration=1
label_index=0
max_feature_idx=15
objective=regression
feature_names=ret_1h ret_4h ret_24h rsi_14 macd atr bb_width vol_ratio above_200 rsi_slope close_ema9 atr_ratio candle_body high_low_pos ret_vol_corr pair_id
feature_infos=[-0.99999887952302635:889981.42530755722] [-0.99999887746710525:905974.39543058001] [-0.99999888820259419:947977.91036906862] [0.59131966833609795:99.99999744780898] [-22894.102110862386:1394.589709757638] [2.8571428571428539e-08:6011.0392857142842] [0.0033346911124693505:6791.1812692720987] [6.3450824675879997e-06:23.994401259191442] [0:1] [-65.113304587407228:58.616137538517286] [-0.99999858037945222:3.9999774136009383] [5.4081267265652093e-07:49.999604357370572] [0:1] [0:1] [-0.99999506714985775:0.99491642172803529] [0:31]
tree_sizes=2719 2799 2804 2797 2806 2800 2837 2816 2791 2813 2856 2814 2841 2819 2830 2817 2844 2859 2832 2837 2844

Tree=0
num_leaves=31
num_cat=0
split_feature=6 11 3 7 7 2 6 6 14 2 4 14 12 14 6 6 14 14 9 15 15 14 4 8 11 4 4 2 4 15
split_gain=5.51602e+11 2.46185e+12 5.92484e+12 8.36244e+11 1.71175e+11 1.99155e+11 2.79362e+07 2.45326e+08 6.18569e+08 2.34216e+08 4.52758e+08 4.56038e+06 132761 418286 82232.3 724336 1.14738e+06 200673 19626.3 14662.3 165376 248458 521830 727631 82059.9 129372 456311 553613 118063 4433.33
threshold=5652.0014878061784 0.62616158147965606 41.991504645303017 0.24471865114018979 0.35445698061964276 -0.028313299547727652 2.4737618833867177 2.7095338208007438 0.60015557269448527 -0.035210834873762524 -0.00016325708781276657 -0.37613554009877631 0.99998849543269286 0.54542248145899153 1.3902446632739973 1.9858688703180476 0.52941418236837423 0.18768478570953087 -6.7084540214614803 8.5000000000000018 7.5000000000000009 0.58597966151236636 0.00051635817409599616 1.0000000180025095e-35 0.91981062013184811 -0.00020855110461790759 0.00016052971885330283 0.0020263760393789414 2.9959155366321784e-06 29.500000000000004
decision_type=2 2 2 2 2 2 2 2 2 2 2 2 2 2 2 2 2 2 2 2 2 2 2 2 2 2 2 2 2 2
left_child=6 2 -2 -3 5 -5 12 8 9 10 -8 -11 14 18 19 16 17 -16 -14 20 -1 24 23 -23 25 -22 27 28 -27 -17
right_child=1 3 -4 4 -6 -7 7 -9 -10 11 -12 -13 13 -15 15 29 -18 -19 -20 -21 21 22 -24 -25 -26 26 -28 -29 -30 -31
leaf_value=675.91300357067973 675.90813769559827 10530.260485752558 30487.414707214644 7569.7980059206966 675.9092906210268 675.90928910162643 675.90891342928296 675.90940329629507 995.27437341337168 701.2560183108327 985.14295129423112 675.92320008158924 677.66379339103673 683.35611945717312 675.90861255549078 675.90933180252352 688.90049206789536 681.08386879934869 675.9450838003097 675.91063400766063 675.90880760822552 677.29549979047749 675.90891984340578 690.09069424335928 675.90903425097338 681.01876478319139 675.9089463907103 688.0950193799016 675.90896443087479 676.1904238561541
leaf_weight=7687 50 23 25 20 728 22 29 1984 20 20 20 159 20 25 67 936 28 26 98 18515 165 25 62 20 490 20 112 20 26 165
leaf_count=7687 50 23 25 20 728 22 29 1984 20 20 20 159 20 25 67 936 28 26 98 18515 165 25 62 20 490 20 112 20 26 165
internal_value=711.483 1954.5 10613.1 1135.59 854.971 3958.71 676.383 681.77 728.656 705.268 802.127 678.754 675.961 677.481 675.954 676.355 680.027 677.355 676.236 675.936 675.99 676.616 678.884 682.982 676.324 676.917 677.852 681.15 678.131 675.951
internal_weight=31607 868 75 793 770 42 30739 2232 248 228 49 179 28507 143 28364 1222 121 93 118 27142 8627 940 107 45 833 343 178 66 46 1101
internal_count=31607 868 75 793 770 42 30739 2232 248 228 49 179 28507 143 28364 1222 121 93 118 27142 8627 940 107 45 833 343 178 66 46 1101
is_linear=0
shrinkage=1


Tree=1
num_leaves=31
num_cat=0
split_feature=5 6 5 7 7 11 6 11 6 6 11 2 5 7 6 7 11 12 13 5 6 6 4 11 9 11 5 7 7 4
split_gain=1.59431e+12 7.85667e+12 7.60341e+10 1.13725e+12 3.80018e+10 2.07942e+09 1.07907e+08 3.88589e+07 1.84948e+07 2.29098e+08 4.36319e+08 2.67629e+08 3.86584e+08 1.06043e+07 5.76775e+06 3.61677e+07 5.14628e+06 3.06295e+06 249834 194981 596942 734679 613400 739640 725225 373519 534989 172631 74342.3 261658
threshold=4.5714285714285735e-08 6084.2622528431812 8.0000000000000002e-08 0.32254142846569267 0.36507946231318106 0.65318485120361591 6084.2622528431812 0.73540134211048369 2.4737618833867177 2.7095338208007438 0.92426428791197213 -0.016138914515967603 0.00019571428571428569 0.57965797879179226 5652.0014878061784 0.45177134228749388 0.97641291310819245 0.64705882352941291 0.12904472254076343 0.00072499999999999962 0.099188418037553239 0.098657142331899914 -0.00020855110461790759 0.82674723757068758 -2.4192064518107617 1.5998802189171173 0.00054000000000000044 0.34527923982048769 0.34527923982048769 1.9276875700519409e-05
decision_type=2 2 2 2 2 2 2 2 2 2 2 2 2 2 2 2 2 2 2 2 2 2 2 2 2 2 2 2 2 2
left_child=1 -1 3 -2 -5 -3 8 -6 19 10 11 -10 17 -7 -11 -16 -12 -13 -18 20 21 27 -23 -24 -25 28 -27 -4 29 -22
right_child=2 5 6 4 7 13 -8 -9 9 14 16 12 -14 -15 15 -17 18 -19 -20 -21 25 22 23 24 -26 26 -28 -29 -30 -31
leaf_value=32758.860575589264 9859.5930043866556 -601.63366510300409 -28.890541206087388 2180.5149369812011 -101.54863641912289 -75.66614715576172 -149.57295715332032 -33.795347886119821 267.04229766845702 -33.795032452151979 -8.7026499938964843 -33.845238788311299 236.37583589099705 -33.795730344710812 -103.19518418745561 -33.79516770839691 -40.98170074462891 -7.8186373901367192 -34.949199001848207 -33.794318511995804 -33.787363808110079 -33.814729680241769 -18.198220734704627 -21.278842399997469 -32.316338837665064 -23.247026606968472 -33.804297637939456 -33.664161323142174 -33.757922535945063 -30.280386094644037
leaf_weight=22 31 21 21 20 22 20 20 556 20 1928 20 26 21 62 22 128 20 20 121 25037 212 37 22 22 46 21 28 193 2797 71
leaf_count=22 31 21 21 20 22 20 20 556 20 1928 20 26 21 62 22 128 20 20 121 25037 212 37 22 22 46 21 28 193 2797 71
internal_value=-5.27627e-07 5635.62 -22.3763 521.834 37.7693 -157.699 -33.4711 -36.3742 -33.3958 -29.1088 16.3139 106.533 58.6201 -44.008 -34.5298 -43.9738 -32.4381 -22.5293 -35.8049 -33.7456 -33.3944 -31.4078 -28.3952 -26.1672 -28.7454 -33.6109 -29.2798 -33.1957 -33.6798 -32.9075
internal_weight=31607 125 31482 629 598 103 30853 578 30833 2326 248 87 67 82 2078 150 161 46 141 28507 3470 341 127 90 68 3129 49 214 3080 283
internal_count=31607 125 31482 629 598 103 30853 578 30833 2326 248 87 67 82 2078 150 161 46 141 28507 3470 341 127 90 68 3129 49 214 3080 283
is_linear=0
shrinkage=0.05


Tree=2
num_leaves=31
num_cat=0
split_feature=5 6 5 7 7 11 6 11 6 14 6 11 2 14 11 6 7 7 5 6 14 8 11 6 11 14 4 14 2 7
split_gain=1.43887e+12 7.09065e+12 6.86208e+10 1.02637e+12 3.42967e+10 1.87667e+09 9.7386e+07 3.50701e+07 1.66916e+07 2.12781e+08 9.45791e+07 1.87636e+08 3.87602e+08 5.45419e+07 1.05958e+07 5.20146e+06 3.26413e+07 4.67738e+06 175970 538740 1.02277e+06 882137 339768 164765 284493 340718 135289 79346.5 125152 66732.7
threshold=4.5714285714285735e-08 6084.2622528431812 8.0000000000000002e-08 0.32254142846569267 0.36507946231318106 0.65318485120361591 6084.2622528431812 0.73540134211048369 2.4737618833867177 0.81293391197525866 2.7095338208007438 0.92426428791197213 -0.016138914515967603 0.17687371210262628 0.68181919473901287 5652.0014878061784 0.45177134228749388 0.28017051337752635 0.00072499999999999962 0.099188418037553239 0.58597966151236636 1.0000000180025095e-35 1.6260861441526822 0.098304071607492757 0.93413917111824218 0.22938003236483509 -0.00017561113406820009 0.46384530378882516 -0.047435292608667183 0.28017051337752635
decision_type=2 2 2 2 2 2 2 2 2 2 2 2 2 2 2 2 2 2 2 2 2 2 2 2 2 2 2 2 2 2
left_child=1 -1 3 -2 -5 -3 8 -6 18 10 11 12 -10 -14 -7 -12 -17 -13 19 20 23 -22 29 -4 25 26 -25 28 -19 -21
right_child=2 5 6 4 7 14 -8 -9 9 -11 15 17 13 -15 -16 16 -18 27 -20 22 21 -23 -24 24 -26 -27 -28 -29 -30 -31
leaf_value=31120.919300426136 9366.6132056451606 -571.55199821108863 -32.143670317551191 2071.48923034668 -96.471204306862575 -73.452972564697276 -142.09430572509766 -32.105580479464088 253.69016433715819 106.93659962621228 -32.105280866962808 -8.0922892761230472 -35.440252059545273 66.117702026367198 -31.599448763939645 -98.035423972389921 -32.10540940761566 -35.972217755998884 -32.104602590266019 -30.971591206469569 -30.757848221915111 -17.094185885676634 -27.351689510345462 -27.163654551506045 -32.249357487605174 -23.787966859340671 -32.438270322738155 -36.857519226074224 -32.419696978400736 -32.042677952613104
leaf_weight=22 31 21 145 20 22 20 20 556 20 29 1908 20 39 20 62 22 128 35 25037 153 21 27 40 20 65 32 31 20 85 2936
leaf_count=22 31 21 145 20 22 20 20 556 20 29 1908 20 39 20 62 22 128 35 25037 153 21 27 40 20 65 32 31 20 85 2936
internal_value=5.69269e-07 5353.84 -21.2575 495.742 35.8808 -149.814 -31.7976 -34.5555 -31.726 -27.6534 -29.3526 0.419621 63.4682 -1.01383 -41.8076 -32.8101 -41.7751 -30.7106 -32.0584 -31.7247 -29.8375 -23.072 -31.9303 -30.9458 -29.7722 -27.8322 -30.3698 -33.9418 -33.4558 -31.9896
internal_weight=31607 125 31482 629 598 103 30853 578 30833 2326 2297 239 79 59 82 2058 150 160 28507 3470 341 48 3129 293 148 83 51 140 120 3089
internal_count=31607 125 31482 629 598 103 30853 578 30833 2326 2297 239 79 59 82 2058 150 160 28507 3470 341 48 3129 293 148 83 51 140 120 3089
is_linear=0
shrinkage=0.05


Tree=3
num_leaves=31
num_cat=0
split_feature=5 6 5 7 12 11 7 6 11 6 14 6 11 2 3 11 6 7 14 2 14 5 6 14 4 11 14 6 11 14
split_gain=1.29858e+12 6.39931e+12 6.19303e+10 9.26298e+11 3.31017e+10 1.6937e+09 6.54086e+08 8.78909e+07 3.15895e+07 1.50642e+07 1.92034e+08 8.53576e+07 1.69341e+08 3.49811e+08 5.28141e+07 9.56267e+06 4.69432e+06 2.94588e+07 4.64257e+06 194415 160481 158813 486213 923048 524683 307336 563445 148700 256755 307498
threshold=4.5714285714285735e-08 6084.2622528431812 8.0000000000000002e-08 0.32254142846569267 0.87371170038081813 0.65318485120361591 0.36994244276824306 6084.2622528431812 0.73540134211048369 2.4737618833867177 0.81293391197525866 2.7095338208007438 0.92426428791197213 -0.016138914515967603 57.91239283734118 0.68181919473901287 5652.0014878061784 0.45177134228749388 -0.62722724066559477 -0.040045346660255547 0.47047468953491262 0.00072499999999999962 0.099188418037553239 0.58597966151236636 0.00020759022281079817 1.5998802189171173 0.34188471971518314 0.098304071607492757 0.93413917111824218 0.22938003236483509
decision_type=2 2 2 2 2 2 2 2 2 2 2 2 2 2 2 2 2 2 2 2 2 2 2 2 2 2 2 2 2 2
left_child=1 -1 3 -2 6 -3 -5 9 -8 21 11 12 13 -11 -15 -7 -13 -18 -14 -20 -21 22 23 27 -25 -24 -27 -4 29 -29
right_child=2 5 7 4 -6 15 8 -9 -10 10 -12 16 18 14 -16 -17 17 -19 19 20 -22 -23 25 24 -26 26 -28 28 -30 -31
leaf_value=29564.872665127841 8898.2829164566538 -542.97438412620909 -30.536486837452856 -310.96272527521307 1815.0379753417969 -69.78032577514648 -91.647645083340734 -134.98959609985351 -30.500268779675316 241.0056756591797 101.58977092874461 -30.500016770272886 -7.843769836425782 -34.839862764798674 65.096487274169917 -30.019476170693675 -93.133655270663184 -30.500138831138614 -37.13421630859375 -30.970104233099491 -35.884780120849612 -30.499372454889812 -30.396322202310934 -27.845914186750139 -17.308175475509078 -30.857699269261857 -19.948831176757814 -28.851303852305694 -30.636889836237984 -22.598568338155747
leaf_weight=22 31 21 145 22 25 20 22 20 529 20 29 1908 22 39 20 62 22 128 20 98 20 25037 3080 21 27 29 20 51 65 32
leaf_count=22 31 21 145 22 25 20 22 20 529 20 29 1908 22 39 20 62 22 128 20 98 20 25037 3080 21 27 29 20 51 65 32
internal_value=4.51893e-07 5086.14 -20.1946 470.955 34.0868 -142.323 -43.6162 -30.2077 -32.9417 -30.1397 -26.2707 -27.8849 0.398642 60.2948 -0.963134 -39.7172 -31.1696 -39.6864 -29.1751 -32.5757 -31.8031 -30.4554 -30.1384 -28.3456 -21.9184 -30.3338 -26.4051 -29.3985 -28.2836 -26.4406
internal_weight=31607 125 31482 629 598 103 573 30853 551 30833 2326 2297 239 79 59 82 2058 150 160 138 118 28507 3470 341 48 3129 49 293 148 83
internal_count=31607 125 31482 629 598 103 573 30853 551 30833 2326 2297 239 79 59 82 2058 150 160 138 118 28507 3470 341 48 3129 49 293 148 83
is_linear=0
shrinkage=0.05


Tree=4
num_leaves=31
num_cat=0
split_feature=5 6 5 7 7 11 6 12 11 6 6 11 2 5 7 11 6 7 2 13 5 6 6 2 11 4 11 7 9 5
split_gain=1.17197e+12 5.77538e+12 5.58921e+10 8.35984e+11 3.13361e+10 1.52856e+09 7.93215e+07 7.46088e+07 2.85936e+07 1.35954e+07 1.77996e+08 3.39208e+08 1.87439e+08 3.36454e+08 9.55456e+06 4.68683e+06 4.10428e+06 2.65866e+07 3.48518e+06 272531 144921 528750 575208 766550 1.03496e+06 734016 491381 66640.8 312339 62011.3
threshold=4.5714285714285735e-08 6084.2622528431812 8.0000000000000002e-08 0.32254142846569267 0.36507946231318106 0.65318485120361591 6084.2622528431812 0.87371170038081813 0.73540134211048369 2.4737618833867177 2.7095338208007438 0.92426428791197213 -0.016138914515967603 0.00019571428571428569 0.57965797879179226 0.97641291310819245 5652.0014878061784 0.45177134228749388 0.0096701955399373114 0.12904472254076343 0.0006475000000000004 0.099188418037553239 0.098304071607492757 0.0014432114539758569 0.93413917111824218 0.00028666030827709249 1.5584665462808105 0.26421047448098417 -3.0752255698214976 0.00056142857142857177
decision_type=2 2 2 2 2 2 2 2 2 2 2 2 2 2 2 2 2 2 2 2 2 2 2 2 2 2 2 2 2 2
left_child=1 -1 3 -2 -5 -3 9 8 -6 20 11 12 -11 18 -7 -13 -12 -18 -14 -17 21 22 -4 29 25 -25 27 28 -23 -24
right_child=2 5 6 4 7 14 -8 -9 -10 10 16 15 13 -15 -16 19 17 -19 -20 -21 -22 26 23 24 -26 -27 -28 -29 -30 -31
leaf_value=28086.628959517049 8453.3684444304436 -515.82566063290551 -29.048057376637178 1978.1479626464843 -87.065261008522725 -67.781714477539069 -128.24010971069336 -121.25296579996746 -28.896175737309278 228.9553872680664 -29.115644388475854 -5.2540991210937502 -6.1577439081101195 220.36170726957778 -28.037726617628529 -36.525109863281251 -88.47697122747249 -28.975131940841678 -33.787814086914061 -30.22454263986635 -28.971118886107792 -22.620490709940594 -29.476697370741103 -9.9788720130920421 -29.156232937899503 -22.948529758453372 -23.069974394102356 -28.922997422357923 -29.047692116726651 -26.05783335367839
leaf_weight=22 31 21 102 20 22 20 20 24 532 20 1928 20 21 21 62 20 22 128 25 121 25536 24 36 24 22 20 37 2596 89 21
leaf_count=22 31 21 102 20 22 20 20 24 532 20 1928 20 21 21 62 20 22 128 25 121 25536 24 36 24 22 20 37 2596 89 21
internal_value=1.18598e-07 4831.84 -19.1849 447.407 32.3824 -135.207 -28.6973 -34.9451 -31.2061 -28.6328 -24.9571 15.0804 94.6287 54.5312 -37.7314 -27.9053 -29.7355 -37.7021 -21.1741 -31.1182 -28.9327 -28.6022 -26.2719 -23.9697 -20.3015 -15.8742 -28.7931 -28.8713 -27.6826 -28.2171
internal_weight=31607 125 31482 629 598 103 30853 578 554 30833 2326 248 87 67 82 161 2078 150 46 141 28507 2971 225 123 66 44 2746 2709 113 57
internal_count=31607 125 31482 629 598 103 30853 578 554 30833 2326 248 87 67 82 161 2078 150 46 141 28507 2971 225 123 66 44 2746 2709 113 57
is_linear=0
shrinkage=0.05


Tree=5
num_leaves=31
num_cat=0
split_feature=5 6 5 7 12 11 7 6 11 6 14 6 2 11 14 7 7 6 7 2 11 11 5 6 14 11 6 6 7 7
split_gain=1.0577e+12 5.21228e+12 5.04426e+10 7.54476e+11 2.99974e+10 1.37953e+09 1.04197e+09 7.15877e+07 2.57261e+07 1.22699e+07 1.64243e+08 6.75433e+07 1.57628e+08 3.45086e+08 6.3052e+07 8.62299e+06 6.09482e+06 3.83004e+06 2.39944e+07 3.47609e+06 837195 872449 130791 477197 859205 443471 187739 361217 359366 60143.3
threshold=4.5714285714285735e-08 6084.2622528431812 8.0000000000000002e-08 0.32254142846569267 0.87371170038081813 0.65318485120361591 0.36994244276824306 6084.2622528431812 0.73540134211048369 2.4737618833867177 0.81293391197525866 2.7095338208007438 -0.035210834873762524 1.1914383247615918 0.49833339010729277 0.57965797879179226 0.27228463094583383 5652.0014878061784 0.45177134228749388 -0.015690670887188948 0.92426428791197213 0.83214453947216349 0.0006475000000000004 0.099188418037553239 0.60015557269448527 1.5584665462808105 0.098304071607492757 0.098878852811562931 0.63714495323683729 0.26421047448098417
decision_type=2 2 2 2 2 2 2 2 2 2 2 2 2 2 2 2 2 2 2 2 2 2 2 2 2 2 2 2 2 2
left_child=1 -1 3 -2 6 -3 -5 9 -8 22 11 12 13 -11 16 -7 -14 -13 -19 -18 21 -21 23 24 26 29 -4 28 -28 -25
right_child=2 5 7 4 -6 15 8 -9 -10 10 -12 17 14 -15 -16 -17 19 18 -20 20 -22 -23 -24 25 -26 -27 27 -29 -30 -31
leaf_value=26682.297638494318 8030.700144909275 -490.03439069475445 -27.561683685302736 -380.63759869662204 1726.1499204101563 -64.392627029418946 -82.711999789151278 -121.82810871124269 -27.530446678118352 239.69525512695316 94.537776973329755 -27.519233727605087 -5.3250030517578129 -30.276226070009432 63.311887664794931 -26.635840409801855 -53.49269989013672 -84.053123127330437 -27.526375317573549 -30.818694773027971 -27.833020215156751 -44.213280792236333 -27.522562936852154 -26.298491641694469 -16.016618792215983 -21.91647553315034 -16.533447303771975 -28.049474807012651 -24.777053353725336 -27.476847529301111
leaf_weight=22 31 21 100 22 25 20 22 20 529 20 29 1908 21 29 20 62 20 22 128 31 78 20 25536 113 24 37 20 42 39 2596
leaf_count=22 31 21 100 22 25 20 22 20 529 20 29 1908 21 29 20 62 20 22 128 31 78 20 25536 113 24 37 20 42 39 2596
internal_value=2.4434e-07 4590.24 -18.2257 425.037 30.7633 -128.447 -43.2065 -27.2625 -29.7337 -27.2011 -23.7093 -25.2022 -0.0425418 79.9162 -20.6635 -35.8448 -30.5429 -28.124 -35.817 -34.0971 -31.0901 -36.0715 -27.486 -27.172 -24.9583 -27.3534 -26.026 -24.5055 -21.9826 -27.4277
internal_weight=31607 125 31482 629 598 103 573 30853 551 30833 2326 2297 239 49 190 82 170 2058 150 149 129 51 28507 2971 225 2746 201 101 59 2709
internal_count=31607 125 31482 629 598 103 573 30853 551 30833 2326 2297 239 49 190 82 170 2058 150 149 129 51 28507 2971 225 2746 201 101 59 2709
is_linear=0
shrinkage=0.05


Tree=6
num_leaves=31
num_cat=0
split_feature=5 6 5 7 7 11 12 6 11 5 14 2 6 14 6 11 7 14 14 5 2 0 2 6 14 6 1 11 6 6
split_gain=9.54574e+11 4.70408e+12 4.55245e+10 6.80914e+11 2.8751e+10 1.24502e+09 2.76771e+08 6.46079e+07 2.33816e+07 1.17812e+07 2.58734e+08 2.20203e+07 2.24143e+08 1.2501e+07 4.22366e+07 8.61603e+06 4.89801e+06 3.29003e+06 4.74049e+06 1.32894e+07 1.11705e+06 3.57278e+06 1.12496e+06 349055 1.60023e+06 445285 347518 296474 196110 2.15937e+06
threshold=4.5714285714285735e-08 6084.2622528431812 8.0000000000000002e-08 0.32254142846569267 0.36507946231318106 0.65318485120361591 0.87371170038081813 6084.2622528431812 0.73540134211048369 0.00023785714285714279 0.81293391197525866 -0.054660938814553632 2.7870775252202202 0.68662233930398753 2.7095338208007438 0.68181919473901287 0.33466819295033329 -0.79218525418994779 -0.66585127866552007 0.0001810714285714286 -0.043560355137444599 0.003158726199384732 -0.040045346660255547 2.4737618833867177 0.74486095192159751 2.7095338208007438 -0.028517564094754529 1.2230358777767514 2.7095338208007438 2.4737618833867177
decision_type=2 2 2 2 2 2 2 2 2 2 2 2 2 2 2 2 2 2 2 2 2 2 2 2 2 2 2 2 2 2
left_child=1 -1 3 -2 -5 -3 8 9 -6 10 11 12 -4 17 -15 -7 -14 -13 19 -19 21 -20 -22 -11 25 27 -24 -25 29 -28
right_child=2 5 7 4 6 15 -8 -9 -10 23 -12 13 16 14 -16 -17 -18 18 20 -21 22 -23 26 24 -26 -27 28 -29 -30 -31
leaf_value=25348.182244318185 7629.1650579637098 -465.5326715378535 118.0350483194987 1893.0054443359377 -78.576397809115335 -62.588870315551759 -201.49781341552736 -115.73670550599695 -25.975284292464863 -26.115282961596051 156.50862533569338 -45.87366322108678 -48.076385904947919 45.426908323499894 -25.96787837167804 -24.847314650012603 -25.93255725322954 -25.898239032292771 -26.160009848104945 21.264172515869141 -35.552604282924108 -2.3419458007812501 -31.382489140828451 -34.549980895996093 -40.922320556640628 -26.143715875799007 -26.006020668854305 -28.283152770996097 -26.011154337831449 -33.376756153935972
leaf_weight=22 31 21 30 20 22 20 24 20 532 27641 20 21 30 27 89 62 149 59 74 20 35 20 36 25 21 429 731 77 1184 115
leaf_count=22 31 21 30 20 22 20 24 20 532 27641 20 21 30 27 89 62 149 59 74 20 35 20 36 25 21 429 731 77 1184 115
internal_value=-1.62748e-07 4360.73 -17.3144 403.785 29.2251 -122.024 -35.2655 -25.8993 -28.0641 -25.8411 -22.6471 -24.0147 -8.44589 -25.3643 -9.35013 -34.0526 -29.6438 -26.1738 -25.9918 -13.9584 -26.4249 -21.0923 -26.6635 -26.1401 -27.3851 -26.8497 -26.5129 -29.8191 -26.4266 -27.008
internal_weight=31607 125 31482 629 598 103 578 30853 554 30833 2640 2620 209 2411 116 82 179 2295 2274 79 2195 94 2101 28193 552 531 2066 102 2030 846
internal_count=31607 125 31482 629 598 103 578 30853 554 30833 2640 2620 209 2411 116 82 179 2295 2274 79 2195 94 2101 28193 552 531 2066 102 2030 846
is_linear=0
shrinkage=0.05


Tree=7
num_leaves=31
num_cat=0
split_feature=5 11 2 5 11 11 5 7 7 7 12 9 11 5 7 5 15 5 3 11 2 2 3 2 11 13 11 7 5 12
split_gain=8.61503e+11 3.91951e+12 1.17086e+11 4.2645e+10 3.09764e+11 4.01094e+10 1.5421e+10 3.74849e+11 3.89376e+09 9.25537e+08 2.05353e+08 1.15522e+08 2.68066e+07 1.3786e+07 1.90991e+08 1.50837e+07 3.66757e+07 5.87483e+07 1.23849e+08 1.98609e+08 6.45558e+07 3.79884e+07 1.04274e+08 2.88462e+06 2.69876e+06 1.69121e+06 946127 438273 376327 364821
threshold=4.5714285714285735e-08 0.58848293150182263 -0.01748206084209963 5.4285714285714168e-08 0.800851960541345 0.79425256778207343 8.0000000000000002e-08 0.32254142846569267 0.50540177933179109 0.37471690121872953 0.87371170038081813 1.653891181500214 0.7472535969015246 6.285714285714297e-05 0.35950575422820713 0.00023785714285714279 27.500000000000004 0.00018785714285714296 58.066533199526447 0.93413917111824218 -0.017957002793293039 -0.055944055944055875 37.579425951753869 -0.043560355137444599 0.69378048430307404 0.2999999999999946 1.4169529557770748 0.45645985948251872 0.00015071428571428584 0.83333333333333393
decision_type=2 2 2 2 2 2 2 2 2 2 2 2 2 2 2 2 2 2 2 2 2 2 2 2 2 2 2 2 2 2
left_child=1 -1 -3 4 -2 11 7 -5 -6 -9 12 24 -11 14 -8 16 17 21 20 -20 -19 22 -15 -23 -4 -10 27 -16 -25 -30
right_child=3 2 5 6 8 -7 13 9 25 10 -12 -13 -14 15 26 -17 -18 18 19 -21 -22 23 -24 28 -26 -27 -28 -29 29 -31
leaf_value=23845.95982607887 6608.3316785430916 3499.4470291864304 2.3200387573242192 6352.3700195312504 -790.02296527680903 -2630.5031383514406 -170.4111352602641 -353.3259343783061 -41.51233230590821 -84.116652832031264 -191.42284362792969 -152.85145520296965 -24.855145190312314 -24.700385701881267 -16.931542691317471 -24.83313786627042 -25.057228814237607 61.152766418457034 165.2342067323882 -25.077301553579478 -26.74696344090259 -10.254859304428102 104.79067528464577 -24.808725288115355 -23.343678065708705 -24.855070376396181 -15.005465355897563 -24.441818007503649 -26.726857650279999 -33.330453552246091
leaf_weight=21 20 21 20 24 21 20 24 24 20 20 20 22 416 53 22 28193 1610 25 29 26 127 32 22 332 21 64 39 166 128 25
leaf_count=21 20 21 20 24 21 20 24 24 20 20 20 22 416 53 22 28193 1610 25 29 26 127 32 22 332 21 64 39 166 128 25
internal_value=-3.11239e-07 4142.7 164.152 -16.4487 905.241 -679.718 -20.1228 254.219 -181.061 -50.6882 -34.7599 -60.4214 -27.5736 -24.6044 -36.2746 -24.5087 -20.7111 -11.9536 10.9746 75.2688 -12.2898 -19.9707 13.2837 -24.7949 -10.8248 -28.8211 -22.0927 -23.563 -25.7542 -27.8059
internal_weight=31607 125 104 31482 125 83 31357 504 105 480 456 63 436 30853 251 30602 2409 799 207 55 152 592 75 517 41 84 227 188 485 153
internal_count=31607 125 104 31482 125 83 31357 504 105 480 456 63 436 30853 251 30602 2409 799 207 55 152 592 75 517 41 84 227 188 485 153
is_linear=0
shrinkage=0.05


Tree=8
num_leaves=31
num_cat=0
split_feature=5 6 5 2 5 7 11 7 7 11 12 2 6 11 11 6 6 11 2 3 11 6 7 3 13 11 1 6 13 7
split_gain=7.77507e+11 4.02205e+12 3.84871e+10 2.81857e+11 1.39175e+10 3.38302e+11 4.98085e+09 3.1727e+09 8.35297e+08 2.04078e+08 1.85331e+08 6.44254e+07 5.57436e+07 3.06327e+07 2.4193e+07 9.90022e+06 1.40442e+08 2.7958e+08 1.49954e+08 2.81793e+08 4.56916e+06 2.79542e+06 1.89527e+07 1.50739e+06 424780 333485 163609 277532 129510 169649
threshold=4.5714285714285735e-08 6084.2622528431812 5.4285714285714168e-08 -0.024852286095887851 8.0000000000000002e-08 0.32254142846569267 0.65318485120361591 0.51378240773836181 0.37471690121872953 0.82674723757068758 0.87371170038081813 -0.013299361330674829 6084.2622528431812 0.73134178633551272 0.7472535969015246 2.4737618833867177 2.7095338208007438 0.92426428791197213 -0.016138914515967603 58.066533199526447 0.97641291310819245 5652.0014878061784 0.45177134228749388 48.418139000519581 0.12904472254076343 0.82136391814106025 0.051263649075629754 3.5403437479694051 0.62352941176470911 0.8617220423853269
decision_type=2 2 2 2 2 2 2 2 2 2 2 2 2 2 2 2 2 2 2 2 2 2 2 2 2 2 2 2 2 2
left_child=1 -1 3 -2 5 -4 -3 -5 -7 -9 14 -8 15 -13 -10 -6 17 18 -17 25 -19 26 -23 -11 -22 -20 -18 -28 -26 -30
right_child=2 6 4 7 12 8 11 9 10 23 -12 13 -14 -15 -16 16 21 20 19 -21 24 22 -24 -25 28 -27 27 -29 29 -31
leaf_value=23342.002521306818 6143.6614325387136 -896.57364661807117 6034.7514892578129 -772.88691970825198 -23.57594924109409 -335.65963538487756 -104.53053877457329 -211.57650260925294 -79.910823659896849 -39.978521804809574 -181.85170104980469 -31.676329979529751 -106.82132637023926 44.433648681640626 -23.612387943267823 207.7461560058594 -23.830988070279233 -1.2794710540771486 -25.301521072387697 180.50121518648589 -33.567107086181643 -73.872558517889544 -23.634322631359101 -23.42341457713734 -24.182773742675781 -34.322958374023436 -30.256450455277054 -23.58940211115657 -30.118881646518048 -24.611328068485967
leaf_weight=22 21 21 24 20 28507 24 23 20 20 20 20 39 20 20 416 20 1864 20 20 26 20 22 128 44 65 21 27 37 29 27
leaf_count=22 21 21 24 20 28507 24 23 20 20 20 20 39 20 20 416 20 1864 20 20 26 20 22 128 44 65 21 27 37 29 27
internal_value=1.93986e-07 3935.56 -15.6262 859.979 -19.1167 241.508 -209.504 -206.918 -48.1538 -72.1635 -33.0219 -33.5476 -23.3742 -5.87634 -26.1949 -23.32 -20.1835 15.3806 87.5993 51.7346 -23.6445 -24.4279 -31.0026 -28.5969 -26.8169 -29.9223 -23.9163 -26.4021 -25.7011 -27.4635
internal_weight=31607 125 31482 125 31357 504 103 104 480 84 456 82 30853 59 436 30833 2326 248 87 67 161 2078 150 64 141 41 1928 64 121 56
internal_count=31607 125 31482 125 31357 504 103 104 480 84 456 82 30853 59 436 30833 2326 248 87 67 161 2078 150 64 141 41 1928 64 121 56
is_linear=0
shrinkage=0.05


Tree=9
num_leaves=31
num_cat=0
split_feature=5 6 5 2 5 7 9 7 7 12 7 14 6 6 0 7 6 6 14 2 4 7 2 9 14 6 7 5 15 3
split_gain=7.017e+11 3.6299e+12 3.47346e+10 2.54376e+11 1.25605e+10 3.05317e+11 3.22309e+09 2.86336e+09 7.53855e+08 1.67261e+08 1.38987e+08 1.90747e+08 5.03086e+07 3.91681e+07 1.99166e+07 2.2218e+07 8.93495e+06 1.26749e+08 4.3295e+08 1.58938e+08 2.80196e+08 6.16696e+06 4.83242e+06 4.77698e+06 3.69417e+06 2.69559e+06 1.71048e+07 668738 477189 723414
threshold=4.5714285714285735e-08 6084.2622528431812 5.4285714285714168e-08 -0.024852286095887851 8.0000000000000002e-08 0.32254142846569267 -0.98702012794565508 0.51378240773836181 0.37471690121872953 0.87371170038081813 0.91351241169557562 0.075972083063274937 6084.2622528431812 6084.2622528431812 0.0085477248568097703 1.3172981647951674 2.4737618833867177 2.7095338208007438 0.60015557269448527 -0.035210834873762524 -0.00016325708781276657 0.27228463094583383 -0.015690670887188948 2.6114017596898056 0.83302246211089603 5652.0014878061784 0.45177134228749388 0.00021714285714285762 27.500000000000004 57.46322307585779
decision_type=2 2 2 2 2 2 2 2 2 2 2 2 2 2 2 2 2 2 2 2 2 2 2 2 2 2 2 2 2 2
left_child=1 -1 3 -2 5 -4 -3 -5 -7 14 11 -8 16 -9 -10 -16 -6 18 19 20 -18 -21 -23 -15 25 -19 -27 28 29 -24
right_child=2 6 4 7 12 8 10 13 9 -11 -12 -13 -14 23 15 -17 17 24 -20 21 -22 22 27 -25 -26 26 -28 -29 -30 -31
leaf_value=22174.902485795457 5836.4783226376494 -720.66635825115702 5733.013916015625 -734.24257514953615 -22.397151780566311 -318.87665491104127 -223.50182388305666 -109.95929612552419 -21.488757185984142 -172.75911743164065 20.227542847081239 -10.149508094787599 -101.48026054382325 -26.701401792253769 -95.773616867065428 -21.245055232048035 -24.458612691945046 -22.491260960416977 237.66824340820312 -1.3401476905459451 218.8092691040039 -53.149382476806636 -28.162549014207794 -57.835858223655009 -44.591661529541021 -70.178929467634731 -22.452606546878815 -22.639337158203126 -23.226794433593753 -39.761576080322271
leaf_weight=22 21 23 24 20 28507 24 20 34 396 20 38 22 20 28 20 20 29 1908 20 21 20 20 41 22 20 22 128 56 21 20
leaf_count=22 21 23 24 20 28507 24 20 34 396 20 38 22 20 28 20 20 29 1908 20 21 20 20 41 22 20 22 128 56 21 20
internal_value=2.21805e-07 3738.78 -14.8449 816.98 -18.1609 229.433 -199.029 -196.572 -45.7461 -31.3708 -49.0585 -111.746 -22.2054 -68.5553 -24.8851 -58.5093 -22.154 -19.1743 14.6115 -4.95485 74.8344 -26.7966 -30.1801 -40.4006 -23.2065 -22.9986 -29.4525 -26.8512 -29.7275 -31.9655
internal_weight=31607 125 31482 125 31357 504 103 104 480 456 80 42 30853 84 436 40 30833 2326 248 228 49 179 158 50 2078 2058 150 138 82 61
internal_count=31607 125 31482 125 31357 504 103 104 480 456 80 42 30853 84 436 40 30833 2326 248 228 49 179 158 50 2078 2058 150 138 82 61
is_linear=0
shrinkage=0.05


Tree=10
num_leaves=31
num_cat=0
split_feature=5 6 5 11 5 7 11 7 7 2 12 14 11 6 11 5 14 2 6 14 5 4 14 14 14 11 2 2 2 5
split_gain=6.33284e+11 3.27598e+12 3.1348e+10 2.64959e+11 1.13359e+10 2.75549e+11 4.37608e+09 3.09548e+09 6.80355e+08 5.09626e+08 1.50953e+08 4.96987e+07 5.75866e+07 4.54035e+07 2.18211e+07 8.31623e+06 2.01329e+08 1.63032e+07 1.79037e+08 9.91038e+06 3.34707e+07 5.18246e+06 2.18366e+06 4.12162e+06 1.20693e+07 2.0106e+06 844033 3.27044e+06 903206 550990
threshold=4.5714285714285735e-08 6084.2622528431812 5.4285714285714168e-08 0.800851960541345 8.0000000000000002e-08 0.32254142846569267 0.65318485120361591 0.50540177933179109 0.37471690121872953 -0.009307408575175256 0.87371170038081813 -0.13686992323783834 0.7472535969015246 6084.2622528431812 0.7472535969015246 0.00023785714285714279 0.81293391197525866 -0.054660938814553632 2.7870775252202202 0.68662233930398753 0.00018785714285714296 -8.8120710967087835e-07 -0.79218525418994779 -0.66585127866552007 -0.70045402886978148 0.94142220071060356 -0.043560355137444599 -0.045305425755998378 -0.040045346660255547 0.0001657142857142861
decision_type=2 2 2 2 2 2 2 2 2 2 2 2 2 2 2 2 2 2 2 2 2 2 2 2 2 2 2 2 2 2
left_child=1 -1 3 -2 5 -4 -3 -5 -7 -9 14 -8 -13 15 -10 16 17 18 -6 22 -21 -20 -19 24 -24 -11 27 -25 -28 -30
right_child=2 6 4 7 13 8 11 9 10 25 -12 12 -14 -15 -16 -17 -18 19 21 20 -22 -23 23 26 -26 -27 28 -29 29 -31
leaf_value=21066.156356534091 6050.6618420410159 -833.08578820001514 5446.3633626302089 -771.50297909691221 106.86734415690105 -302.93282121022543 -81.276015197313754 -306.11329541887557 -74.655738992691042 -14.689298776479868 -164.12115966796875 -38.411246950486131 65.407058915224951 -96.406244964599622 -21.188246286832371 -21.297600668870228 139.67355331420899 -37.500542899540498 -21.933641100840966 -21.621803340044892 41.142291218893874 -47.845790915055716 -21.842091790561021 -21.920007571658573 22.396398875826883 -33.082823753356934 -29.879149562290735 0.86798416137695311 -21.104766301223435 -22.767741794631704
leaf_weight=22 20 21 24 21 30 24 26 21 20 39 20 34 22 20 416 28193 20 21 157 88 28 22 58 74 21 24 35 20 1228 838
leaf_count=22 20 21 24 21 30 24 26 21 20 39 20 34 22 20 416 28193 20 21 157 88 28 22 58 74 21 24 35 20 1228 838
internal_value=-2.79844e-07 3551.84 -14.1027 776.131 -17.2528 217.961 -189.078 -228.541 -43.4588 -92.8006 -29.8023 -24.1488 2.37452 -21.0952 -23.6409 -21.0463 -18.3629 -19.5693 -6.17306 -20.7305 -6.47185 -25.1184 -21.4512 -21.303 -10.0825 -21.6964 -21.7068 -17.0715 -21.9142 -21.7793
internal_weight=31607 125 31482 125 31357 504 103 105 480 84 456 82 56 30853 436 30833 2640 2620 209 2411 116 179 2295 2274 79 63 2195 94 2101 2066
internal_count=31607 125 31482 125 31357 504 103 105 480 84 456 82 56 30853 436 30833 2640 2620 209 2411 116 179 2295 2274 79 63 2195 94 2101 2066
is_linear=0
shrinkage=0.05


Tree=11
num_leaves=31
num_cat=0
split_feature=5 6 5 11 5 7 11 7 7 3 12 14 11 6 11 6 6 14 2 11 11 14 2 5 6 7 5 11 10 6
split_gain=5.71539e+11 2.95658e+12 2.82915e+10 2.39125e+11 1.02306e+10 2.48683e+11 3.94941e+09 2.79367e+09 6.1402e+08 5.54401e+08 1.36235e+08 4.48531e+07 5.19719e+07 4.09767e+07 1.96935e+07 7.69445e+06 1.11136e+08 3.78681e+08 1.397e+08 2.58842e+08 7.45978e+06 4.31398e+06 4.25413e+06 3.1845e+06 2.33579e+06 1.52662e+07 867627 476695 160936 126057
threshold=4.5714285714285735e-08 6084.2622528431812 5.4285714285714168e-08 0.800851960541345 8.0000000000000002e-08 0.32254142846569267 0.65318485120361591 0.50540177933179109 0.37471690121872953 39.161706149653092 0.87371170038081813 -0.13686992323783834 0.7472535969015246 6084.2622528431812 0.7472535969015246 2.4737618833867177 2.7095338208007438 0.60015557269448527 -0.035210834873762524 1.1914383247615918 0.92426428791197213 0.83302246211089603 -0.0033240676444828417 0.00018785714285714296 5652.0014878061784 0.45177134228749388 0.0001657142857142861 1.0194082852925801 0.0010989877540037356 2.241013307300626
decision_type=2 2 2 2 2 2 2 2 2 2 2 2 2 2 2 2 2 2 2 2 2 2 2 2 2 2 2 2 2 2
left_child=1 -1 3 -2 5 -4 -3 -5 -7 -9 14 -8 -13 15 -10 29 17 18 19 -17 23 24 -22 26 -18 -26 -20 28 -11 -6
right_child=2 6 4 7 13 8 11 9 10 27 -12 12 -14 -15 -16 16 21 -19 20 -21 22 -23 -24 -25 25 -27 -28 -29 -30 -31
leaf_value=20012.849396306818 5748.1287084960941 -791.43149602980839 5174.0450683593754 -732.92783144996292 -20.202414565602275 -287.78618494669598 -77.212216975138745 -317.94337829589847 -70.922950744628906 -10.279487991333008 -155.91510375976566 -36.490684834648583 62.136706230857158 -91.585932617187495 -20.128833968822775 209.29320068359377 -20.30762923178683 223.01691528320313 -22.640390930175784 -24.521061706542969 4.2051513671874998 -44.114193878173836 -21.166437185187092 -54.010809326171881 -65.263079090213239 -20.17466462850571 -36.879792652959409 -22.753899369239807 -16.333580083432405 -20.861906915069909
leaf_weight=22 20 21 24 21 27763 24 26 20 20 21 20 34 22 20 416 20 1908 20 20 29 20 20 95 21 22 128 23 20 23 744
leaf_count=22 20 21 24 21 27763 24 26 20 20 21 20 34 22 20 416 20 1908 20 20 29 20 20 95 21 22 128 23 20 23 744
internal_value=2.02284e-07 3374.25 -13.3975 737.325 -16.3902 207.063 -179.624 -217.114 -41.2859 -88.1606 -28.3122 -22.9414 2.25579 -20.0404 -22.4588 -19.994 -17.2288 14.4077 -3.89134 70.9133 -24.3686 -21.0045 -16.754 -38.0511 -20.7799 -26.7876 -30.2568 -16.3534 -13.4441 -20.2196
internal_weight=31607 125 31482 125 31357 504 103 105 480 84 456 82 56 30853 436 30833 2326 248 228 49 179 2078 115 64 2058 150 43 64 44 28507
internal_count=31607 125 31482 125 31357 504 103 105 480 84 456 82 56 30853 436 30833 2326 248 228 49 179 2078 115 64 2058 150 43 64 44 28507
is_linear=0
shrinkage=0.05


Tree=12
num_leaves=31
num_cat=0
split_feature=5 11 11 7 5 7 5 7 11 7 3 12 7 6 0 14 7 5 14 2 3 14 6 11 14 14 12 11 2 11
split_gain=5.15814e+11 2.78733e+12 1.1562e+11 6.17892e+10 2.55331e+10 2.3249e+11 9.23313e+09 2.24436e+11 4.95329e+09 5.54153e+08 4.41137e+08 1.22952e+08 9.49762e+07 3.69814e+07 1.79505e+07 2.18264e+07 1.02069e+07 7.17129e+06 1.71276e+08 1.46657e+07 9.20982e+07 7.94696e+06 3.0006e+07 3.93826e+06 3.34835e+06 2.63153e+07 3.94811e+06 2.87097e+06 1.25255e+07 1.82757e+07
threshold=4.5714285714285735e-08 0.58848293150182263 0.79425256778207343 0.51378240773836181 5.4285714285714168e-08 0.46446364076683511 8.0000000000000002e-08 0.32254142846569267 0.80956488612427713 0.37471690121872953 42.153574201013598 0.87371170038081813 0.98192749136681712 6084.2622528431812 0.0085477248568097703 0.14591323895808125 0.81022794229494066 0.00023785714285714279 0.81293391197525866 -0.071644422836437946 37.088205997902385 0.68662233930398753 2.7095338208007438 0.75474540176841476 -0.66585127866552007 -0.70045402886978148 0.23814412828785655 0.67647945362666273 -0.043560355137444599 0.60553867762303504
decision_type=2 2 2 2 2 2 2 2 2 2 2 2 2 2 2 2 2 2 2 2 2 2 2 2 2 2 2 2 2 2
left_child=1 -1 3 -3 5 -2 7 -6 -7 -9 -10 14 -5 17 23 -16 -12 18 19 20 -8 24 -23 -11 25 26 -21 28 29 -26
right_child=4 2 -4 12 6 8 13 9 10 11 16 -13 -14 -15 15 -17 -18 -19 -20 21 -22 22 -24 -25 27 -27 -28 -29 -30 -31
leaf_value=19821.160616629466 5641.2525878906254 3170.3974540328982 -3193.2924893697104 -99.527002454573108 4915.3430338541666 -927.47939934503472 -22.962184254507001 -273.39687423706056 -273.90739424705509 2.9592580886114215 24.733842830657963 -148.1193475341797 26.357747834304288 -87.006635589599625 -16.322928314208987 -90.191795845031749 -18.345240398970518 -19.22764654224493 129.26231048583983 -42.690707321166997 89.277332140051811 40.547437173348889 -19.55112926059299 -19.291469999186198 -22.702754058837893 37.021430351423184 -17.286676054734453 -20.171786912135364 -18.715808665430224 44.891005134582521
leaf_weight=21 20 20 24 31 24 21 89 24 20 21 20 20 29 20 20 20 44 28193 20 20 23 27 90 375 20 23 65 1947 296 20
leaf_count=21 20 20 24 31 24 21 89 24 20 21 20 20 29 20 20 20 44 28193 20 20 23 27 90 375 20 23 65 1947 296 20
internal_value=-2.68332e-07 3205.54 -149.539 763.587 -12.7277 700.459 -15.5707 196.71 -240.645 -39.2216 -68.9364 -26.8966 -38.6827 -19.0384 -21.3359 -53.2574 -4.88303 -18.9943 -16.5024 -17.6151 0.0870021 -18.4056 -5.68223 -18.1115 -19.0282 -10.4255 -23.2641 -19.4352 -15.167 11.0941
internal_weight=31607 125 104 80 31482 125 31357 504 105 480 84 456 60 30853 436 40 64 30833 2640 2620 112 2508 117 396 2391 108 85 2283 336 40
internal_count=31607 125 104 80 31482 125 31357 504 105 480 84 456 60 30853 436 40 64 30833 2640 2620 112 2508 117 396 2391 108 85 2283 336 40
is_linear=0
shrinkage=0.05


Tree=13
num_leaves=31
num_cat=0
split_feature=5 6 5 11 6 7 5 7 11 7 3 11 7 7 0 12 5 6 15 2 3 11 11 7 5 2 11 2 2 6
split_gain=4.65522e+11 2.52141e+12 2.30436e+10 2.18734e+11 9.65691e+09 1.04149e+11 6.53549e+10 6.48217e+11 8.08135e+09 4.81888e+09 4.50108e+08 3.5396e+08 2.17187e+08 1.43847e+08 5.713e+07 5.16206e+07 6.47209e+06 2.0595e+07 1.98469e+08 2.39338e+08 2.09451e+08 5.98243e+06 3.90986e+06 2.37302e+06 1.23525e+07 1.90848e+06 1.54728e+06 1.46163e+06 1.30808e+06 658366
threshold=4.5714285714285735e-08 6084.2622528431812 5.4285714285714168e-08 0.800851960541345 6084.2622528431812 0.32254142846569267 8.0000000000000002e-08 0.38421863626261749 0.65318485120361591 0.50540177933179109 39.161706149653092 0.7881372675935544 0.40275730982307129 0.62886982597325303 0.0085477248568097703 0.84265089262573634 0.00023785714285714279 2.7095338208007438 27.500000000000004 -0.02588270530482539 58.066533199526447 0.97098186738089354 1.4169529557770748 0.35445698061964276 9.2142857142857301e-05 -0.0076035991589885046 0.78169430185460276 -0.054660938814553632 -0.0020666849987217568 6236.9366796973418
decision_type=2 2 2 2 2 2 2 2 2 2 2 2 2 2 2 2 2 2 2 2 2 2 2 2 2 2 2 2 2 2
left_child=1 -1 3 -2 6 -6 7 -4 -3 -5 -11 13 -7 -10 26 22 17 18 19 -8 21 25 -14 24 -19 -21 -9 -20 -15 -12
right_child=2 8 4 9 5 12 16 14 11 10 29 -13 15 28 -16 -17 -18 23 27 20 -22 -23 -24 -25 -26 -27 -28 -29 -30 -31
leaf_value=18410.66796875 5457.8306591796882 -1111.835533214751 9429.2873632812498 -924.85343656994053 -3529.8148586107341 -188.27483920142765 205.18756713867188 -4.6521937415713355 -183.42724632263185 -285.08297626495363 -7.7659465756909603 164.50838597615561 -17.082079404138128 -28.582244182768324 -102.9631106636741 -98.535134048461927 -18.266264219463 -51.216913452148439 -32.025736054920017 -40.079253845214851 130.56114625007876 3.9819535827636723 4.1572616577148436 -18.390131734189616 -18.892682045384458 -21.804007659912113 -19.143165191650393 -18.6723750289881 -10.715134918689728 -17.95328639166696
leaf_weight=22 20 21 20 21 23 21 20 21 20 20 29 21 223 21 22 20 28193 35 21 20 31 20 24 1405 190 50 150 848 20 35
leaf_count=22 20 21 20 21 23 21 20 21 20 20 29 21 223 21 22 20 28193 35 21 20 31 20 24 1405 190 50 150 848 20 35
internal_value=2.91363e-07 3045.26 -12.0913 665.436 -14.7921 -292.025 -12.015 860.805 -236.669 -247.402 -78.0385 -12.5414 -33.4514 -73.493 -27.121 -21.2743 -18.0446 -15.6773 -10.067 44.9575 18.4731 -20.135 -15.0183 -19.1536 -23.9209 -27.0255 -17.3636 -18.9951 -19.8666 -13.3371
internal_weight=31607 125 31482 125 31357 311 31046 213 103 105 84 82 288 61 193 267 30833 2640 1010 141 121 90 247 1630 225 70 171 869 41 64
internal_count=31607 125 31482 125 31357 311 31046 213 103 105 84 82 288 61 193 267 30833 2640 1010 141 121 90 247 1630 225 70 171 869 41 64
is_linear=0
shrinkage=0.05


Tree=14
num_leaves=31
num_cat=0
split_feature=5 11 11 2 5 2 6 5 4 4 14 11 3 1 11 6 13 12 3 13 1 3 10 13 12 2 13 12 5 14
split_gain=4.20134e+11 2.37639e+12 1.17243e+11 5.6526e+10 2.07969e+10 2.10057e+11 8.71536e+09 5.89828e+10 6.06563e+11 6.14299e+09 5.15164e+09 2.87249e+09 1.70223e+09 1.01763e+09 1.69447e+09 2.75025e+09 2.62e+09 7.47041e+08 1.21433e+08 6.05384e+07 5.73681e+07 1.18476e+08 2.84388e+07 2.36759e+07 1.70931e+07 1.05485e+07 7.6402e+06 5.9556e+06 5.84106e+06 1.48305e+08
threshold=4.5714285714285735e-08 0.58848293150182263 0.79425256778207343 -0.014074241633459548 5.4285714285714168e-08 -0.024852286095887851 6084.2622528431812 8.0000000000000002e-08 -1.4929099596077254e-08 -0.0082923739357346742 -0.74352972188162003 0.82408075773287748 47.305229712744826 0.0039457126628936754 1.1191531663593168 6329.0565908914077 0.55263157894737125 0.33333333333334314 49.730478685540021 0.85714285714285288 0.0017293993441840352 52.542926113534165 0.00021723664388109912 0.25000000000000072 0.75000000000000089 0.0034596628550015445 0.66666666666666519 0.33333333333333254 0.00023785714285714279 0.81293391197525866
decision_type=2 2 2 2 2 2 2 2 2 2 2 2 2 2 2 2 2 2 2 2 2 2 2 2 2 2 2 2 2 2
left_child=1 -1 3 -3 5 -2 7 8 -6 -8 -11 -7 -13 14 15 17 -17 -12 -5 20 21 23 -14 -10 26 -22 -15 -24 29 -9
right_child=4 2 -4 18 6 11 9 28 19 10 13 12 22 24 -16 16 -18 -19 -20 -21 25 -23 27 -25 -26 -27 -28 -29 -30 -31
leaf_value=18234.944773065476 5193.4850237165183 3016.640465526581 -3269.9302418271704 13.812877726554872 8885.6402269272567 -827.39863271713261 -1125.0630683517456 -15.928831008577166 -78.825328690665117 -993.56762138366707 -20.510905065769105 -527.20786169300914 -71.322478075027476 -10.99813299560547 -20.191789423624677 -1046.2110472245649 -255.49811164855956 -348.84717473347985 -128.76743234183107 -138.94158331553143 -55.700347824096688 -174.24890106201173 -17.194676317487446 -16.314976778897371 -74.520510482788083 -13.940243905590428 -43.619766153608055 20.929477133750918 -17.35295100999074 120.7444549560547
leaf_weight=21 21 20 24 32 21 20 20 2620 28 20 41 23 20 50 60 22 20 30 28 24 20 25 21 33 20 62 28 20 28193 20
leaf_count=21 21 20 24 32 21 20 20 2620 28 20 41 23 20 50 60 22 20 30 28 24 20 25 21 33 20 62 28 20 28193 20
internal_value=-1.52239e-07 2893 -204.894 714.617 -11.4867 632.164 -14.0525 -11.4142 817.764 -277.424 -219.167 -288.872 -160.652 -162.015 -234.939 -348.964 -669.681 -159.245 -52.7246 -64.6595 -54.0478 -82.5782 -22.4418 -45.0083 -33.2824 -24.1256 -22.7085 1.40247 -17.1424 -14.8934
internal_weight=31607 125 104 80 31482 125 31357 31046 213 311 291 104 84 271 173 113 42 71 60 192 168 86 61 61 98 82 78 41 30833 2640
internal_count=31607 125 104 80 31482 125 31357 31046 213 311 291 104 84 271 173 113 42 71 60 192 168 86 61 61 98 82 78 41 30833 2640
is_linear=0
shrinkage=0.05


Tree=15
num_leaves=31
num_cat=0
split_feature=5 6 5 7 11 6 7 5 7 11 11 3 3 7 7 12 13 14 7 10 6 6 14 2 11 11 14 3 4 7
split_gain=3.79171e+11 2.15115e+12 1.87692e+10 2.09673e+11 1.33838e+10 7.86562e+09 9.24353e+10 5.3232e+10 5.66085e+11 7.62362e+09 9.6029e+08 7.626e+08 3.69398e+08 1.77984e+08 1.76484e+08 5.45719e+07 4.63836e+07 1.50648e+07 1.43273e+07 9.34696e+06 5.41955e+06 8.77204e+07 3.12813e+08 1.19204e+08 2.15918e+08 7.50102e+06 5.82733e+06 5.03915e+06 4.11852e+06 3.45796e+06
threshold=4.5714285714285735e-08 6084.2622528431812 5.4285714285714168e-08 0.46446364076683511 0.65318485120361591 6084.2622528431812 0.32254142846569267 8.0000000000000002e-08 0.38421863626261749 0.80956488612427713 0.7881372675935544 42.153574201013598 44.483166009463375 0.40275730982307129 0.62886982597325303 0.84265089262573634 0.85714285714285288 0.17687371210262628 0.81022794229494066 -0.0046187220258725233 2.4737618833867177 2.7095338208007438 0.60015557269448527 -0.035210834873762524 1.1914383247615918 0.92426428791197213 0.83302246211089603 46.911919394012777 -5.0747537714442702e-05 0.95015053162349605
decision_type=2 2 2 2 2 2 2 2 2 2 2 2 2 2 2 2 2 2 2 2 2 2 2 2 2 2 2 2 2 2
left_child=1 -1 3 -2 -3 7 -7 8 -4 -5 14 -11 -10 -8 -6 19 27 -16 -13 29 -9 22 23 24 -22 -25 -23 -14 -27 -15
right_child=2 4 5 9 10 6 13 20 12 11 -12 18 16 15 17 -17 -18 -19 -20 -21 21 26 -24 25 -26 28 -28 -29 -30 -31
leaf_value=16940.809303977276 5292.639742431641 -1409.3091514950709 8784.1492700195322 -1145.2657973516555 -216.78089088439944 -3313.8424589737606 -160.1085510072254 -16.474595661680532 -236.45226370493572 -349.64872894287112 297.00313255673365 39.155135622024538 -39.367847042992004 20.724565084481782 -65.191164302825925 -88.368189716339117 -94.535986770283102 -4.5567483711242671 -11.883725507692859 -9.4795377495464361 192.99703231811523 -17.0579728882329 203.74266845703127 -35.125165545940398 -20.552665499983163 6.8531006622314452 -44.177995758056646 -12.912564283704 -18.11081573486328 0.41205991975963113
leaf_weight=22 20 21 20 21 20 23 21 28507 24 20 21 20 21 44 21 20 22 20 44 163 20 2058 20 64 29 20 20 126 95 40
leaf_count=22 20 21 20 21 20 23 21 28507 24 20 21 20 21 44 21 20 22 20 44 163 20 2058 20 64 29 20 20 126 95 40
internal_value=7.98233e-08 2748.35 -10.9124 600.556 -283.05 -13.3499 -263.552 -10.8435 776.876 -293.175 5.38169 -80.1519 -52.893 -19.9529 -95.0126 -8.92946 -26.8254 -35.6134 4.06592 -2.49717 -16.2852 -13.9646 14.1423 -2.48931 66.6105 -21.4049 -17.319 -16.6919 -13.7693 11.0519
internal_weight=31607 125 31482 125 103 31357 311 31046 213 105 82 84 193 288 61 267 169 41 64 247 30833 2326 248 228 49 179 2078 147 115 84
internal_count=31607 125 31482 125 103 31357 311 31046 213 105 82 84 193 288 61 267 169 41 64 247 30833 2326 248 228 49 179 2078 147 115 84
is_linear=0
shrinkage=0.05


Tree=16
num_leaves=31
num_cat=0
split_feature=5 11 11 2 7 5 5 7 12 5 7 2 11 11 7 7 7 2 3 7 5 3 13 5 14 2 3 8 7 2
split_gain=3.42201e+11 2.0275e+12 1.18298e+11 4.86998e+10 1.73866e+10 3.84162e+11 4.00965e+09 7.33887e+10 3.28459e+10 8.15808e+09 1.20145e+11 2.75261e+09 2.77376e+09 1.24375e+09 8.39526e+08 3.43408e+08 1.03414e+08 3.70337e+07 7.12946e+07 4.93013e+07 1.09593e+07 2.44593e+07 1.37004e+07 7.72985e+06 1.10836e+08 1.31469e+07 3.74743e+07 4.81001e+07 1.03344e+07 8.59349e+06
threshold=4.5714285714285735e-08 0.58848293150182263 0.79425256778207343 -0.014074241633459548 0.19093980897793969 0.00010999999999999981 6.5000000000000079e-08 0.34004391780383164 0.85492864851900585 8.0000000000000002e-08 0.36994244276824306 -0.02588270530482539 0.93638911681472015 0.79425256778207343 0.45177134228749388 0.45177134228749388 0.93141482565567968 -0.0085470085470085704 31.494653837319465 0.75790396560909634 5.4285714285714168e-08 48.169462920371664 0.49999999999999906 0.00023785714285714279 0.79826039062785514 -0.039166190336460897 40.652113562354124 1.0000000180025095e-35 0.22044234893344636 -0.052042733740264184
decision_type=2 2 2 2 2 2 2 2 2 2 2 2 2 2 2 2 2 2 2 2 2 2 2 2 2 2 2 2 2 2
left_child=1 -1 3 -3 5 -2 7 -6 11 10 -8 12 -9 -13 -15 -12 -5 18 -17 -20 21 -16 -23 24 25 26 -11 -28 -27 -29
right_child=4 2 -4 16 6 -7 9 8 -10 23 15 13 -14 14 20 17 -18 -19 19 -21 -22 22 -24 -25 -26 28 27 29 -30 -31
leaf_value=16781.99254092262 6742.3074492714622 2809.8339700317383 -3329.3314773559573 -98.511489977981114 -3124.4993652343751 -15.829790406267183 3988.2937896728517 -930.15344264984128 1956.7988276100159 -13.084048188862049 -228.28077938652041 -333.71976685646257 -153.26857728891903 -340.71403093099593 59.981443052291866 -5.9862161571329295 33.434850039305509 -15.885198397728113 -160.77842267990115 -49.758996465802198 -10.779760938251256 -35.226901726289235 14.855834568871394 -15.663712157485861 96.46189104163129 13.443630796863188 83.30509838867188 -20.104095976693291 -15.629189764248711 22.808165359497071
leaf_weight=21 22 20 24 33 20 476 20 20 20 285 25 39 27 20 20 33 27 130 20 20 151 22 36 27762 23 31 25 28 2187 20
leaf_count=21 22 20 24 33 20 476 20 20 20 285 25 39 27 20 20 33 27 130 20 20 151 22 36 27762 23 31 25 28 2187 20
internal_value=1.15426e-07 2610.93 -250.533 673.107 -10.3668 282.722 -15.0775 -177.581 -11.5577 -13.0866 272.522 -129.072 -483.858 -71.1724 -30.0505 -53.4228 -39.1356 -31.8885 -60.3876 -105.269 -2.91833 12.3006 -4.14107 -15.4196 -12.8121 -13.7878 -4.89686 27.0668 -15.2229 -2.22399
internal_weight=31607 125 104 80 31482 498 30984 375 355 30609 248 335 47 288 249 228 60 203 73 40 229 78 58 30361 2599 2576 358 73 2218 48
internal_count=31607 125 104 80 31482 498 30984 375 355 30609 248 335 47 288 249 228 60 203 73 40 229 78 58 30361 2599 2576 358 73 2218 48
is_linear=0
shrinkage=0.05


Tree=17
num_leaves=31
num_cat=0
split_feature=5 11 11 7 5 11 7 5 7 7 3 12 2 11 11 2 7 5 14 14 14 5 14 2 3 14 7 8 4 1
split_gain=3.08837e+11 1.82982e+12 1.06764e+11 4.7362e+10 1.70012e+10 1.94581e+11 6.78544e+09 5.51043e+09 1.9023e+11 4.24188e+09 7.33259e+08 1.60012e+08 1.50824e+08 5.83644e+07 3.3619e+07 6.46647e+07 3.00427e+07 6.75854e+08 1.43441e+07 1.82714e+07 3.17451e+07 6.97619e+06 1.0003e+08 1.23958e+07 5.90558e+07 9.35807e+06 9.1216e+06 7.90115e+06 1.82683e+07 4.5822e+06
threshold=4.5714285714285735e-08 0.58848293150182263 0.79425256778207343 0.51378240773836181 5.4285714285714168e-08 0.800851960541345 0.50540177933179109 8.0000000000000002e-08 0.32254142846569267 0.38421863626261749 39.161706149653092 0.85492864851900585 -0.0079190449273576751 0.7472535969015246 1.1457828428933265 -0.0079190449273576751 0.19093980897793969 0.0001228571428571429 -0.58002035362675719 -0.24133372953545537 -0.35398865211840763 0.00023785714285714279 0.79826039062785514 -0.054660938814553632 40.652113562354124 -0.79218525418994779 0.22044234893344636 1.0000000180025095e-35 -0.00015005321089534872 -1.0000000180025095e-35
decision_type=2 2 2 2 2 2 2 2 2 2 2 2 2 2 2 2 2 2 2 2 2 2 2 2 2 2 2 2 2 2
left_child=1 -1 3 -3 5 -2 -7 8 -6 -10 -8 13 -5 -11 18 -16 17 -9 -15 20 -20 22 23 24 27 -25 -27 28 -18 -12
right_child=4 2 -4 12 7 6 10 16 9 11 29 -13 -14 14 15 -17 21 -19 19 -21 -22 -23 -24 25 -26 26 -28 -29 -30 -31
leaf_value=15942.892652529765 5092.1791064453128 2746.6264068603518 -3162.8650095621747 -167.12636024735193 4496.0177083333338 -1092.7429141090031 -352.14692840576174 -311.79217391967774 -641.05419044494636 -103.15428215026856 11.968290821711223 -149.93754896545411 -2.6218918552524166 18.887171842993762 -107.77741504245336 -11.053968085845312 -17.010636021063579 -15.040667873317913 -4.1215426504611967 -6.8956935831228225 -83.399185528962505 -14.880526547280454 91.638796333644706 19.097283027285624 55.877917336128853 12.082965028285981 -14.796097159890762 -39.126135415297291 30.678527895609541 -15.666826005950572
leaf_weight=21 20 20 24 22 24 21 20 20 30 20 24 25 38 41 27 48 123 472 28 238 23 27762 23 21 37 32 2313 26 24 40
leaf_count=21 20 20 24 22 24 21 20 20 30 20 24 25 38 41 27 48 123 472 28 238 23 27762 23 21 37 32 2313 26 24 40
internal_value=-1.88504e-08 2480.38 -238.006 639.451 -9.84842 572.109 -288.857 -12.1683 151.826 -65.3836 -87.8854 -27.0055 -62.9402 -19.7742 -15.6567 -45.8744 -14.8472 -27.1037 -8.78905 -12.7154 -39.8742 -14.6486 -12.1715 -13.0984 -1.45629 -14.1317 -14.4293 -13.7185 -9.22465 -5.30366
internal_weight=31607 125 104 80 31482 125 105 31357 504 480 84 450 60 425 405 75 30853 492 330 289 51 30361 2599 2576 210 2366 2345 173 147 64
internal_count=31607 125 104 80 31482 125 105 31357 504 480 84 450 60 425 405 75 30853 492 330 289 51 30361 2599 2576 210 2366 2345 173 147 64
is_linear=0
shrinkage=0.05


Tree=18
num_leaves=31
num_cat=0
split_feature=5 6 9 7 5 6 7 5 7 5 6 5 7 14 3 6 7 12 0 10 6 6 14 5 14 4 14 3 7 4
split_gain=2.78725e+11 1.73867e+12 1.9569e+10 1.55317e+10 3.42308e+11 1.30066e+10 1.04507e+11 2.1508e+10 3.49819e+11 2.16435e+09 2.61484e+09 1.34588e+09 9.0691e+08 3.95587e+08 3.19406e+08 2.27087e+08 1.86863e+08 1.18777e+08 5.81206e+07 1.02719e+07 5.26956e+06 8.08881e+07 2.73749e+08 1.03499e+08 4.0503e+07 4.26842e+07 5.82987e+06 4.23779e+06 4.11297e+06 3.04281e+06
threshold=4.5714285714285735e-08 6084.2622528431812 -0.98702012794565508 0.19093980897793969 0.00010999999999999981 6084.2622528431812 0.32254142846569267 8.0000000000000002e-08 0.38421863626261749 5.4285714285714168e-08 6434.5871533337349 5.4285714285714168e-08 0.91351241169557562 0.116176798830219 44.483166009463375 6329.0565908914077 0.40275730982307129 0.84265089262573634 0.0085477248568097703 -0.0046187220258725233 2.4737618833867177 2.7095338208007438 0.58597966151236636 0.00015928571428571394 -0.39810551393497312 -0.00015005321089534872 0.79826039062785514 46.911919394012777 1.0707338612740127 6.0930339499218537e-08
decision_type=2 2 2 2 2 2 2 2 2 2 2 2 2 2 2 2 2 2 2 2 2 2 2 2 2 2 2 2 2 2
left_child=1 -1 -3 4 -2 7 -7 8 -5 10 15 -10 13 -4 -13 -8 -11 19 27 28 -9 22 23 -22 25 -25 -23 -16 -18 -26
right_child=3 2 12 5 -6 6 9 20 11 16 -12 14 -14 -15 18 -17 17 -19 -20 -21 21 26 -24 24 29 -27 -28 -29 -30 -31
leaf_value=15115.796093750001 6365.2125221946026 -1654.2866716467815 -305.8544683976607 6794.3728198242188 -14.161581997535812 -3363.0398071289064 2.9809400925269496 -14.130416141252049 -376.04840290997481 -162.73056001209079 -702.8939400264195 -217.53679428100588 177.57133082276897 1.3938738250732423 -32.061531271253315 -210.30330959161125 24.328310188257472 -125.02306022644044 -98.404823708534252 -5.6566456456857228 95.380442687988293 -14.650554096550369 193.00528984069825 -18.490084366571335 -35.29920813377867 83.573568725585943 -41.138134184337801 -7.8008114971811811 1.4001741701556791 -19.96961498260498
leaf_weight=22 22 23 22 20 476 26 26 28156 37 21 28 24 38 20 21 24 53 20 22 163 25 1928 20 21 47 20 21 126 31 104
leaf_count=22 22 23 22 20 476 26 26 28156 37 21 28 24 38 20 21 24 53 20 22 163 25 1928 20 21 47 20 21 126 31 104
internal_value=3.73076e-07 2356.37 -368.95 -9.356 267.658 -13.8084 -299.992 -10.1413 451.727 -82.3985 -316.036 -99.8077 0.584872 -159.546 -46.8497 -99.3955 -19.1216 -7.82655 -22.6101 1.66305 -13.9468 -11.582 15.9996 -0.314341 -12.7746 31.2971 -14.936 -11.2666 15.8667 -24.7411
internal_weight=31607 125 103 31482 498 30984 392 30592 250 366 78 230 80 42 193 50 288 267 169 247 30342 2186 237 217 192 41 1949 147 84 151
internal_count=31607 125 103 31482 498 30984 392 30592 250 366 78 230 80 42 193 50 288 267 169 247 30342 2186 237 217 192 41 1949 147 84 151
is_linear=0
shrinkage=0.05


Tree=19
num_leaves=31
num_cat=0
split_feature=5 6 11 5 7 11 6 6 7 7 11 7 2 7 5 7 12 6 7 5 7 14 2 2 7 14 11 5 14 2
split_gain=2.5155e+11 1.56915e+12 2.57533e+10 1.5597e+10 1.86094e+11 9.67877e+09 7.45679e+09 1.02285e+11 5.29241e+11 9.34752e+10 3.01195e+09 2.83265e+09 5.90072e+08 3.83226e+08 3.35946e+08 3.39119e+08 1.00803e+08 7.88408e+07 1.22555e+08 7.40804e+07 1.53265e+09 4.27176e+07 3.55756e+07 2.93729e+07 2.27581e+07 1.21616e+07 7.56648e+06 7.25543e+06 9.26443e+07 1.90595e+07
threshold=4.5714285714285735e-08 6084.2622528431812 0.65318485120361591 5.4285714285714168e-08 0.46446364076683511 0.80956488612427713 5770.3666440238003 5652.0014878061784 0.45177134228749388 0.32254142846569267 0.7881372675935544 0.36994244276824306 -0.0079190449273576751 0.62886982597325303 8.0000000000000002e-08 0.66666729128296232 0.87371170038081813 6084.2622528431812 0.4812651033308894 0.00010999999999999981 0.23194605154530731 0.17687371210262628 -0.018431108346974198 0.027819133589251258 0.81537610989026599 -0.73176957545659327 0.85155243127747904 0.00023785714285714279 0.78658093001858342 -0.071644422836437946
decision_type=2 2 2 2 2 2 2 2 2 2 2 2 2 2 2 2 2 2 2 2 2 2 2 2 2 2 2 2 2 2
left_child=1 -1 -3 4 -2 -6 7 14 -9 -8 13 -11 -7 -4 15 -5 17 18 -13 20 -16 -15 -20 -10 -14 -19 -27 28 29 -21
right_child=3 2 10 6 5 12 9 8 23 11 -12 16 24 21 19 -17 -18 25 22 27 -22 -23 -24 -25 -26 26 -28 -29 -30 -31
leaf_value=14360.005752840909 4968.9129309082036 -1912.804382178897 -307.63630123138432 -302.23386202812196 -1253.559110514323 -282.96882712954567 -3182.6123184814455 8873.9573005294806 -8.1139115368447658 -613.5400732494536 566.06634376162572 -153.46634055319288 65.573387883958375 -90.477036601021183 -461.52105657577516 -39.77695998102427 -119.28039849599202 40.861781320571907 -80.292688719431567 11.953965667356929 -13.961332930410641 11.62644600391388 -13.872387473545377 -75.694409599304194 1.8242682036899387 28.937457434336348 -2.4877417783124733 -13.431810031655843 87.316944185892737 -12.51736993115558
leaf_weight=22 20 21 20 20 21 21 25 20 82 21 21 21 21 21 20 32 24 20 24 83 439 20 126 20 42 21 218 28193 24 1924
leaf_count=22 20 21 20 20 21 21 25 20 82 21 21 21 21 21 20 32 24 20 24 83 439 20 126 20 42 21 218 28193 24 1924
internal_value=-3.65756e-08 2238.55 -350.502 -8.8882 548.519 -293.461 -11.1102 -8.00647 1436.88 -202.655 49.5997 -45.8152 -53.4367 -128.2 -13.7418 -140.722 -19.5548 -13.9887 -40.3377 -13.5266 -33.4628 -40.6705 -24.4996 -21.365 23.074 3.4077 0.273468 -13.2239 -10.3376 -11.5054
internal_weight=31607 125 103 31482 125 105 31357 30857 122 500 82 475 84 61 30735 52 454 430 171 30683 459 41 150 102 63 259 239 30224 2031 2007
internal_count=31607 125 103 31482 125 105 31357 30857 122 500 82 475 84 61 30735 52 454 430 171 30683 459 41 150 102 63 259 239 30224 2031 2007
is_linear=0
shrinkage=0.05


Tree=20
num_leaves=31
num_cat=0
split_feature=5 11 3 9 5 2 6 5 11 7 7 7 11 7 7 6 7 12 6 7 5 7 13 2 2 14 11 5 14 2
split_gain=2.27023e+11 1.48488e+12 9.93148e+10 1.5834e+10 1.40763e+10 1.78948e+11 6.72975e+09 9.31469e+10 5.22012e+11 8.43614e+10 6.13312e+09 2.55647e+09 2.51833e+09 7.87813e+08 2.99039e+08 2.36008e+08 3.99385e+08 9.09744e+07 7.11539e+07 1.10606e+08 6.68576e+07 1.38322e+09 3.35696e+07 3.2107e+07 1.29008e+07 1.09758e+07 6.82875e+06 6.54803e+06 8.36115e+07 1.73005e+07
threshold=4.5714285714285735e-08 0.61241451541036007 48.662131846022085 0.4255117979508754 5.4285714285714168e-08 -0.024852286095887851 5770.3666440238003 8.0000000000000002e-08 0.97098186738089354 0.32254142846569267 0.51378240773836181 0.36994244276824306 0.82674723757068758 0.56371070763792053 0.86777113109846293 5652.0014878061784 0.60793877941751584 0.87371170038081813 6084.2622528431812 0.4812651033308894 0.00010999999999999981 0.23194605154530731 0.79999999999999882 -0.018431108346974198 -1.0000000180025095e-35 -0.73176957545659327 0.85155243127747904 0.00023785714285714279 0.78658093001858342 -0.054660938814553632
decision_type=2 2 2 2 2 2 2 2 2 2 2 2 2 2 2 2 2 2 2 2 2 2 2 2 2 2 2 2 2 2
left_child=1 -1 3 14 5 -2 7 8 13 -8 -7 -11 -12 -6 -3 20 -17 18 19 -13 21 -9 -15 -21 -14 -20 -27 28 29 -22
right_child=4 2 -4 -5 6 10 9 15 -10 11 12 17 24 22 -16 16 -18 -19 25 23 27 -23 -24 -25 -26 26 -28 -29 -30 -31
leaf_value=13025.73356640625 4731.1270019531248 -106.26408672332764 -2745.4927815818792 1728.6755239486695 -372.76227581143382 -1115.9086209106445 -3023.4817138671879 -438.44500835418705 8756.7458691406264 -582.86306733630954 -631.38946445465092 -145.79303102039157 41.36080299667691 -3.2123014211654666 153.12694152832032 -294.764909324646 -13.180595016479494 -113.31637833913167 38.818692417144774 -76.278053061167398 4.7361911444016442 -13.26326631477319 -78.011590034961714 -13.178768167798481 -5.4248025173094216 27.490584085101172 -2.3633547087328153 -12.760219528538673 82.951097615559902 -12.305659365770294
leaf_weight=25 21 20 35 20 20 20 25 20 20 21 20 21 23 60 25 20 34 24 20 24 162 439 20 126 41 21 218 28193 24 1845
leaf_count=25 21 20 35 20 20 20 25 20 20 21 20 21 23 60 25 20 34 24 20 24 162 439 20 126 41 21 218 28193 24 1845
internal_value=5.73973e-08 2126.62 -598.158 558.098 -8.44379 521.093 -10.5547 -7.60615 1382.72 -192.522 -329.01 -43.5244 -141.654 -92.0822 37.842 -13.0341 -117.471 -18.577 -13.2893 -38.3208 -12.8503 -31.7897 -21.9121 -23.2747 11.3888 3.23732 0.259795 -12.5627 -9.82071 -10.9301
internal_weight=31607 125 100 65 31482 125 31357 30857 120 500 104 475 84 100 45 30737 54 454 430 171 30683 459 80 150 64 259 239 30224 2031 2007
internal_count=31607 125 100 65 31482 125 31357 30857 120 500 104 475 84 100 45 30737 54 454 430 171 30683 459 80 150 64 259 239 30224 2031 2007
is_linear=0
shrinkage=0.05


end of trees

feature_importances:
vol_ratio=111
atr_ratio=100
bb_width=95
atr=91
ret_vol_corr=62
ret_24h=59
rsi_14=26
candle_body=24
macd=18
high_low_pos=12
rsi_slope=8
pair_id=6
ret_1h=5
ret_4h=5
above_200=4
close_ema9=4

parameters:
[boosting: gbdt]
[objective: regression]
[metric: l2]
[tree_learner: serial]
[device_type: cpu]
[data_sample_strategy: bagging]
[data: ]
[valid: ]
[num_iterations: 400]
[learning_rate: 0.05]
[num_leaves: 31]
[num_threads: 2]
[seed: 0]
[deterministic: 0]
[force_col_wise: 0]
[force_row_wise: 0]
[histogram_pool_size: -1]
[max_depth: -1]
[min_data_in_leaf: 20]
[min_sum_hessian_in_leaf: 0.001]
[bagging_fraction: 0.8]
[pos_bagging_fraction: 1]
[neg_bagging_fraction: 1]
[bagging_freq: 0]
[bagging_seed: 3]
[bagging_by_query: 0]
[feature_fraction: 0.9]
[feature_fraction_bynode: 1]
[feature_fraction_seed: 2]
[extra_trees: 0]
[extra_seed: 6]
[early_stopping_round: 0]
[early_stopping_min_delta: 0]
[first_metric_only: 0]
[max_delta_step: 0]
[lambda_l1: 0]
[lambda_l2: 0]
[linear_lambda: 0]
[min_gain_to_split: 0]
[drop_rate: 0.1]
[max_drop: 50]
[skip_drop: 0.5]
[xgboost_dart_mode: 0]
[uniform_drop: 0]
[drop_seed: 4]
[top_rate: 0.2]
[other_rate: 0.1]
[min_data_per_group: 100]
[max_cat_threshold: 32]
[cat_l2: 10]
[cat_smooth: 10]
[max_cat_to_onehot: 4]
[top_k: 20]
[monotone_constraints: ]
[monotone_constraints_method: basic]
[monotone_penalty: 0]
[feature_contri: ]
[forcedsplits_filename: ]
[refit_decay_rate: 0.9]
[cegb_tradeoff: 1]
[cegb_penalty_split: 0]
[cegb_penalty_feature_lazy: ]
[cegb_penalty_feature_coupled: ]
[path_smooth: 0]
[interaction_constraints: ]
[verbosity: -1]
[saved_feature_importance_type: 0]
[use_quantized_grad: 0]
[num_grad_quant_bins: 4]
[quant_train_renew_leaf: 0]
[stochastic_rounding: 1]
[linear_tree: 0]
[max_bin: 255]
[max_bin_by_feature: ]
[min_data_in_bin: 3]
[bin_construct_sample_cnt: 200000]
[data_random_seed: 1]
[is_enable_sparse: 1]
[enable_bundle: 1]
[use_missing: 1]
[zero_as_missing: 0]
[feature_pre_filter: 1]
[pre_partition: 0]
[two_round: 0]
[header: 0]
[label_column: ]
[weight_column: ]
[group_column: ]
[ignore_column: ]
[categorical_feature: ]
[forcedbins_filename: ]
[precise_float_parser: 0]
[parser_config_file: ]
[objective_seed: 5]
[num_class: 1]
[is_unbalance: 0]
[scale_pos_weight: 1]
[sigmoid: 1]
[boost_from_average: 1]
[reg_sqrt: 0]
[alpha: 0.9]
[fair_c: 1]
[poisson_max_delta_step: 0.7]
[tweedie_variance_power: 1.5]
[lambdarank_truncation_level: 30]
[lambdarank_norm: 1]
[label_gain: ]
[lambdarank_position_bias_regularization: 0]
[eval_at: ]
[multi_error_top_k: 1]
[auc_mu_weights: ]
[num_machines: 1]
[local_listen_port: 12400]
[time_out: 120]
[machine_list_filename: ]
[machines: ]
[gpu_platform_id: -1]
[gpu_device_id: -1]
[gpu_device_id_list: ]
[gpu_use_dp: 0]
[num_gpu: 1]

end of parameters

pandas_categorical:[]
